26953.249462370426  0.5  0.5  0.1
32253.02433438066  1.0  0.5  0.1
40086.518707916206  1.5  0.5  0.1
49480.232973367165  2.0  0.5  0.1
60005.897510280076  2.5  0.5  0.1
71422.29848838455  3.0  0.5  0.1
83574.66066285175  3.5  0.5  0.1
96355.20850334963  4.0  0.5  0.1
19472.829879513924  0.5  0.55  0.1
21973.975671348628  1.0  0.55  0.1
27298.67243118358  1.5  0.55  0.1
34364.272939881805  2.0  0.55  0.1
42688.310585151776  2.5  0.55  0.1
51997.8858240463  3.0  0.55  0.1
62117.7693554742  3.5  0.55  0.1
72926.06526296478  4.0  0.55  0.1
14898.291797663793  0.5  0.6  0.1
14838.819603572954  1.0  0.6  0.1
17843.5019588075  1.5  0.6  0.1
22745.505296609485  2.0  0.6  0.1
29018.210727612062  2.5  0.6  0.1
36362.05502975012  3.0  0.6  0.1
44584.208070096676  3.5  0.6  0.1
53550.42006449176  4.0  0.6  0.1
13166.65087572455  0.5  0.65  0.1
10756.715764849705  1.0  0.65  0.1
11608.964491851635  1.5  0.65  0.1
14492.907451849229  2.0  0.65  0.1
18846.49041062873  2.5  0.65  0.1
24347.995666698287  3.0  0.65  0.1
30789.61601107871  3.5  0.65  0.1
38026.40143122819  4.0  0.65  0.1
14227.615201348946  0.5  0.7  0.1
9653.819125037036  1.0  0.7  0.1
8503.717439439362  1.5  0.7  0.1
9499.879247236497  2.0  0.7  0.1
12052.281782264618  2.5  0.7  0.1
15821.04692475936  3.0  0.7  0.1
20585.770934870987  3.5  0.7  0.1
26192.33149157574  4.0  0.7  0.1
18040.545188801272  0.5  0.75  0.1
11469.302342128003  1.0  0.75  0.1
8452.12813175863  1.5  0.75  0.1
7678.152968888939  2.0  0.75  0.1
8535.713398198886  2.5  0.75  0.1
10670.267768310534  3.0  0.75  0.1
13850.95039748235  3.5  0.75  0.1
17915.862092901214  4.0  0.75  0.1
24572.25769041344  0.5  0.8  0.1
16152.519929306933  1.0  0.8  0.1
11390.793111105351  1.5  0.8  0.1
8953.611092307561  2.0  0.8  0.1
8212.985279192015  2.5  0.8  0.1
8802.741909669661  3.0  0.8  0.1
10483.44784669693  3.5  0.8  0.1
13086.6884005888  4.0  0.8  0.1
33795.40598052699  0.5  0.85  0.1
23660.922821502256  1.0  0.85  0.1
17266.023746148545  1.5  0.85  0.1
13263.31029075449  2.0  0.85  0.1
11012.901445912854  2.5  0.85  0.1
10139.597137173167  3.0  0.85  0.1
10397.063193455957  3.5  0.85  0.1
11611.49928388319  4.0  0.85  0.1
45687.26403093576  0.5  0.9  0.1
33958.486477666454  1.0  0.9  0.1
26031.976024462776  1.5  0.9  0.1
20553.298031874438  2.0  0.9  0.1
16874.3530085225  2.5  0.9  0.1
14613.138325793678  3.0  0.9  0.1
13517.873198303329  3.5  0.9  0.1
13410.375589951294  4.0  0.9  0.1
60228.801102341386  0.5  0.95  0.1
47014.50241525489  1.0  0.95  0.1
37649.22532908108  1.5  0.95  0.1
30776.968104309017  2.0  0.95  0.1
25744.44181614502  2.5  0.95  0.1
22164.727129694067  3.0  0.95  0.1
19781.857378988494  3.5  0.95  0.1
18414.15453207124  4.0  0.95  0.1
77403.96864702919  0.5  1.0  0.1
62802.63414418242  1.0  1.0  0.1
52083.658280039046  1.5  1.0  0.1
43893.794002282106  2.0  1.0  0.1
37577.04866322309  2.5  1.0  0.1
32743.17668608  3.0  1.0  0.1
29133.111769571635  3.5  1.0  0.1
26562.45634133071  4.0  1.0  0.1
26232.26349999947  0.5  0.5  0.15
30453.293238358772  1.0  0.5  0.15
37222.62918562531  1.5  0.5  0.15
45566.92577186262  2.0  0.5  0.15
55053.425576669186  2.5  0.5  0.15
65437.464965971674  3.0  0.5  0.15
76561.86337579889  3.5  0.5  0.15
88317.16233837482  4.0  0.5  0.15
19149.154843022516  0.5  0.55  0.15
20754.715361102273  1.0  0.55  0.15
25135.532364655293  1.5  0.55  0.15
31241.86490872516  2.0  0.55  0.15
38599.60490266406  2.5  0.55  0.15
46938.69938920422  3.0  0.55  0.15
56085.02851744583  3.5  0.55  0.15
65917.15457367482  4.0  0.55  0.15
14951.878283062  0.5  0.6  0.15
14190.85892408243  1.0  0.6  0.15
16383.911071354973  1.5  0.6  0.15
20427.235790447125  2.0  0.6  0.15
25815.235470473937  2.5  0.6  0.15
32257.700718593085  3.0  0.6  0.15
39566.67292823374  3.5  0.6  0.15
47610.71589540386  4.0  0.6  0.15
13576.525320321954  0.5  0.65  0.15
10665.702668703016  1.0  0.65  0.15
10847.990494468155  1.5  0.65  0.15
12982.87457535823  2.0  0.65  0.15
16541.35789824505  2.5  0.65  0.15
21217.53407459553  3.0  0.65  0.15
26812.323573869566  3.5  0.65  0.15
33186.066400685544  4.0  0.65  0.15
14972.870267032225  0.5  0.7  0.15
10102.051100892637  1.0  0.7  0.15
8430.690297115198  1.5  0.7  0.15
8794.928981072013  2.0  0.7  0.15
10648.932861120418  2.5  0.7  0.15
13674.848589888239  3.0  0.7  0.15
17664.82459033729  3.5  0.7  0.15
22472.544322120553  4.0  0.7  0.15
19100.927029571703  0.5  0.75  0.15
12437.070061147147  1.0  0.75  0.15
9052.242816335633  1.5  0.75  0.15
7769.4982069097  2.0  0.75  0.15
8031.440567566434  2.5  0.75  0.15
9511.389182235689  3.0  0.75  0.15
11994.726604282923  3.5  0.75  0.15
15329.84687702033  4.0  0.75  0.15
25928.493121966916  0.5  0.8  0.15
17619.076312678717  1.0  0.8  0.15
12646.373342910074  1.5  0.8  0.15
9828.1858047212  2.0  0.8  0.15
8599.768930536407  2.5  0.8  0.15
8628.186951668216  3.0  0.8  0.15
9693.753179732113  3.5  0.8  0.15
11640.752387000159  4.0  0.8  0.15
35429.364244532946  0.5  0.85  0.15
25605.16976998472  1.0  0.85  0.15
19157.50308161605  1.5  0.85  0.15
14904.881764027243  2.0  0.85  0.15
12278.55584954894  2.5  0.85  0.15
10941.440082686078  3.0  0.85  0.15
10670.201462089834  3.5  0.85  0.15
11306.02514322752  4.0  0.85  0.15
47582.01516133695  0.5  0.9  0.15
36359.451957189944  1.0  0.9  0.15
28538.649158299708  1.5  0.9  0.15
22943.367282565836  2.0  0.9  0.15
19003.492591566497  2.5  0.9  0.15
16379.503128076121  3.0  0.9  0.15
14845.604471390845  3.5  0.9  0.15
14240.739300061137  4.0  0.9  0.15
62368.61117735649  0.5  0.95  0.15
49851.663680572085  1.0  0.95  0.15
40749.815916740714  1.5  0.95  0.15
33895.48991450502  2.0  0.95  0.15
28719.285000546544  2.5  0.95  0.15
24880.628109002013  3.0  0.95  0.15
22152.243927089123  3.5  0.95  0.15
20371.555406150277  4.0  0.95  0.15
79774.25791599967  0.5  1.0  0.15
66056.12915180072  1.0  1.0  0.15
55756.74220781207  1.5  1.0  0.15
47719.74634776928  2.0  1.0  0.15
41378.07905594845  2.5  1.0  0.15
36391.23128762996  3.0  1.0  0.15
32531.253670943832  3.5  1.0  0.15
29634.655175858796  4.0  1.0  0.15
25803.40691214325  0.5  0.5  0.2
29278.674145369492  1.0  0.5  0.2
35298.200882309015  1.5  0.5  0.2
42899.29320545564  2.0  0.5  0.2
51649.39853791641  2.5  0.5  0.2
61302.714046124805  3.0  0.5  0.2
71700.89143617515  3.5  0.5  0.2
82733.49136757411  4.0  0.5  0.2
18994.4664256919  0.5  0.55  0.2
19996.04105381061  1.0  0.55  0.2
23722.792321045254  1.5  0.55  0.2
29157.8318823788  2.0  0.55  0.2
35836.7133291844  2.5  0.55  0.2
43493.145287815  3.0  0.55  0.2
51954.688954770216  3.5  0.55  0.2
61100.71566911248  4.0  0.55  0.2
15053.217312206923  0.5  0.6  0.2
13834.685151600768  1.0  0.6  0.2
15477.07884512251  1.5  0.6  0.2
18928.731158810217  2.0  0.6  0.2
13702.471213519922  2.5  0.6  0.2
19516.617310229412  3.0  0.6  0.2
16187.76753235976  3.5  0.6  0.2
43587.15638987264  4.0  0.6  0.2
13916.194716716544  0.5  0.65  0.2
10695.94809797747  1.0  0.65  0.2
10436.275437999744  1.5  0.65  0.2
12065.183606293487  2.0  0.65  0.2
15079.982238382781  2.5  0.65  0.2
19187.7649184817  3.0  0.65  0.2
24196.799989459727  3.5  0.65  0.2
29971.955452456485  4.0  0.65  0.2
15534.084525874634  0.5  0.7  0.2
10501.295154420066  1.0  0.7  0.2
8499.960497871618  1.5  0.7  0.2
8448.47115879709  2.0  0.7  0.2
9834.226578460364  2.5  0.7  0.2
12356.458726950157  3.0  0.7  0.2
15817.293829790033  3.5  0.7  0.2
20076.738508573137  4.0  0.7  0.2
19868.028310829704  0.5  0.75  0.2
13187.425145952879  1.0  0.75  0.2
9586.267392049536  1.5  0.75  0.2
7981.237682654696  2.0  0.75  0.2
7854.16184761059  2.5  0.75  0.2
8899.100020398206  3.0  0.75  0.2
10913.833888331417  3.5  0.75  0.2
13754.773257031855  4.0  0.75  0.2
26887.021150584224  0.5  0.8  0.2
18702.760018100165  1.0  0.8  0.2
13627.731503250938  1.5  0.8  0.2
10582.730194506137  2.0  0.8  0.2
9047.342257494069  2.5  0.8  0.2
8712.591013989942  3.0  0.8  0.2
9373.377526448161  3.5  0.8  0.2
10883.566788634113  4.0  0.8  0.2
36566.04383461504  0.5  0.85  0.2
27004.868543361667  1.0  0.85  0.2
20568.23860851065  1.5  0.85  0.2
16185.325331874683  2.0  0.85  0.2
13336.025702873918  2.5  0.85  0.2
11710.010157294177  3.0  0.85  0.2
11100.482387024844  3.5  0.85  0.2
11359.630469823385  4.0  0.85  0.2
48884.69960517645  0.5  0.9  0.2
38058.54155357252  1.0  0.9  0.2
30360.73344926018  1.5  0.9  0.2
24731.929227907658  2.0  0.9  0.2
20654.278149216203  2.5  0.9  0.2
17817.41831925596  3.0  0.9  0.2
16013.806212025218  3.5  0.9  0.2
15094.66383545099  4.0  0.9  0.2
63826.20419531437  0.5  0.95  0.2
51834.3323449315  1.0  0.95  0.2
42965.46879920068  1.5  0.95  0.2
36173.99110734125  2.0  0.95  0.2
30945.770231977735  2.5  0.95  0.2
26971.441760935093  3.0  0.95  0.2
24043.473335075534  3.5  0.95  0.2
22012.699339298822  4.0  0.95  0.2
81376.62744198176  0.5  1.0  0.2
68307.43557975693  1.0  1.0  0.2
58348.648123456056  1.5  1.0  0.2
50469.96026299613  2.0  1.0  0.2
44162.06885634221  2.5  1.0  0.2
39117.40523879885  3.0  1.0  0.2
35129.04996351232  3.5  1.0  0.2
32047.917635194728  4.0  1.0  0.2
25521.144572571135  0.5  0.5  0.25
28433.68660956626  1.0  0.5  0.25
33875.98831393846  1.5  0.5  0.25
40900.39926622466  2.0  0.5  0.25
49077.12827839055  2.5  0.5  0.25
58160.68938076558  3.0  0.5  0.25
67992.4415044595  3.5  0.5  0.25
78461.51693614316  4.0  0.5  0.25
18918.764920824804  0.5  0.55  0.25
19473.825710401397  1.0  0.55  0.25
22704.304688765682  1.5  0.55  0.25
27624.277777502713  2.0  0.55  0.25
33779.25407316995  2.5  0.55  0.25
40907.15277567695  3.0  0.55  0.25
48837.58251951847  3.5  0.55  0.25
57450.9961964065  4.0  0.55  0.25
15168.140829103873  0.5  0.6  0.25
13620.75278113263  1.0  0.6  0.25
14852.666918050514  1.5  0.6  0.25
17856.47278567006  2.0  0.6  0.25
22161.32869908997  2.5  0.6  0.25
27493.377351366624  3.0  0.6  0.25
33673.51894247737  3.5  0.6  0.25
40575.56969853653  4.0  0.6  0.25
14206.784317894613  0.5  0.65  0.25
10774.597833835931  1.0  0.65  0.25
10193.068297684109  1.5  0.65  0.25
11445.38707481918  2.0  0.65  0.25
14050.699316279046  2.5  0.65  0.25
17727.174119125237  3.0  0.65  0.25
22289.479159785078  3.5  0.65  0.25
27606.498997111015  4.0  0.65  0.25
15986.552489167927  0.5  0.7  0.25
10856.51940177262  1.0  0.7  0.25
8623.198925721512  1.5  0.7  0.25
8269.060527365913  2.0  0.7  0.25
9308.011477900847  2.5  0.7  0.25
11453.217567070766  3.0  0.7  0.25
14515.104313336979  3.5  0.7  0.25
18359.028330532517  4.0  0.7  0.25
20469.797010148584  0.5  0.75  0.25
13803.469184898267  1.0  0.75  0.25
10060.237205137071  1.5  0.75  0.25
8228.05536261  2.0  0.75  0.25
7819.170649715081  2.5  0.75  0.25
8544.046755547848  3.0  0.75  0.25
10210.451360921401  3.5  0.75  0.25
12681.356059406917  4.0  0.75  0.25
27626.681438279942  0.5  0.8  0.25
19564.453433390096  1.0  0.8  0.25
14436.404346029138  1.5  0.8  0.25
11240.392426103726  2.0  0.8  0.25
9489.6712002513  2.5  0.8  0.25
8893.773230652863  3.0  0.8  0.25
9259.059308085705  3.5  0.8  0.25
10447.038095524053  4.0  0.8  0.25
37433.27499156867  0.5  0.85  0.25
28097.80784272067  1.0  0.85  0.25
21695.702243223914  1.5  0.85  0.25
17237.843044339308  2.0  0.85  0.25
14240.467628817376  2.5  0.85  0.25
12413.532168489823  3.0  0.85  0.25
11562.971415957601  3.5  0.85  0.25
11549.569230772739  4.0  0.85  0.25
49870.17414633515  0.5  0.9  0.25
39369.17706017713  1.0  0.9  0.25
31791.47243690607  1.5  0.9  0.25
26163.15130409457  2.0  0.9  0.25
22004.89137324393  2.5  0.9  0.25
19028.102463602612  3.0  0.9  0.25
17039.057395555006  3.5  0.9  0.25
15898.401965377918  4.0  0.9  0.25
64921.49012050984  0.5  0.95  0.25
53349.994569553455  1.0  0.95  0.25
44684.5399585642  1.5  0.95  0.25
37967.91485862477  2.0  0.95  0.25
32726.30055527521  2.5  0.95  0.25
28673.338281075583  3.0  0.95  0.25
25616.23028233582  3.5  0.95  0.25
23415.947584709298  4.0  0.95  0.25
82574.09444566394  0.5  1.0  0.25
70016.32426557371  1.0  1.0  0.25
60341.78273488723  1.5  1.0  0.25
52610.943596648365  2.0  1.0  0.25
46356.257975066655  2.5  1.0  0.25
41294.18076095805  3.0  1.0  0.25
37233.2979689091  3.5  1.0  0.25
34035.269167495964  4.0  1.0  0.25
25324.230617380894  0.5  0.5  0.3
27789.89859573434  1.0  0.5  0.3
32765.033204703013  1.5  0.5  0.3
39318.72284560628  2.0  0.5  0.3
47025.32119231517  2.5  0.5  0.3
55640.55439700331  3.0  0.5  0.3
65006.07331523578  3.5  0.5  0.3
75010.97600705456  4.0  0.5  0.3
18885.874740263178  0.5  0.55  0.3
19092.49915036019  1.0  0.55  0.3
21926.338203747007  1.5  0.55  0.3
26430.11697936598  2.0  0.55  0.3
32159.110301389275  2.5  0.55  0.3
38855.59718722732  3.0  0.55  0.3
46351.42249988045  3.5  0.55  0.3
54528.28783260464  4.0  0.55  0.3
15285.270127111873  0.5  0.6  0.3
13487.520233841635  1.0  0.6  0.3
14396.286355932974  1.5  0.6  0.3
17042.47392287606  2.0  0.6  0.3
20969.819085599614  2.5  0.6  0.3
25911.64011921393  3.0  0.6  0.3
31692.877313537676  3.5  0.6  0.3
38189.82294528498  4.0  0.6  0.3
14461.113110994616  0.5  0.65  0.3
10874.720487477762  1.0  0.65  0.3
10044.84507594393  1.5  0.65  0.3
11000.75600912346  2.0  0.65  0.3
13280.212166063984  2.5  0.65  0.3
16611.010005968496  3.0  0.65  0.3
20813.479104324466  3.5  0.65  0.3
25760.11427320566  4.0  0.65  0.3
16366.48783153858  0.5  0.7  0.3
11175.514223000508  1.0  0.7  0.3
8768.729097221929  1.5  0.7  0.3
8180.873675131723  2.0  0.7  0.3
8947.806524329724  2.5  0.7  0.3
10794.414458175623  3.0  0.7  0.3
13538.209513509353  3.5  0.7  0.3
17049.17979569587  4.0  0.7  0.3
20964.921409867326  0.5  0.75  0.3
14327.462335170023  1.0  0.75  0.3
10484.836842154666  1.5  0.75  0.3
8482.196848817814  2.0  0.75  0.3
7856.473915274128  2.5  0.75  0.3
8331.615166246003  3.0  0.75  0.3
9723.704387285738  3.5  0.75  0.3
11901.24600756055  4.0  0.75  0.3
28227.659753258176  0.5  0.8  0.3
20280.36252352543  1.0  0.8  0.3
15125.558079148734  1.5  0.8  0.3
11822.212141849988  2.0  0.8  0.3
9910.485756154929  2.5  0.8  0.3
9114.862595465946  3.0  0.8  0.3
9251.066483558485  3.5  0.8  0.3
10186.922071730574  4.0  0.8  0.3
38131.747380013985  0.5  0.85  0.3
28993.41885513933  1.0  0.85  0.3
22635.342514922275  1.5  0.85  0.3
18132.609992478436  2.0  0.85  0.3
15030.164810588145  2.5  0.85  0.3
13054.126316836568  3.0  0.85  0.3
12020.67415492379  3.5  0.85  0.3
11797.580124864178  4.0  0.85  0.3
50658.649034953414  0.5  0.9  0.3
40433.15781759992  1.0  0.9  0.3
32968.14399240215  1.5  0.9  0.3
27356.358746672908  2.0  0.9  0.3
23148.635139570673  2.5  0.9  0.3
20073.540364128574  3.0  0.9  0.3
17948.32842368129  3.5  0.9  0.3
16641.203646786686  4.0  0.9  0.3
65793.24383237935  0.5  0.95  0.3
54571.871207890115  1.0  0.95  0.3
46085.487438272015  1.5  0.95  0.3
39445.47930876511  2.0  0.95  0.3
34209.34660479427  2.5  0.95  0.3
30108.69861813  3.0  0.95  0.3
26962.328899926848  3.5  0.95  0.3
24639.2472598776  4.0  0.95  0.3
83523.08022897369  0.5  1.0  0.3
71386.43730555447  1.0  1.0  0.3
61954.98744445226  1.5  1.0  0.3
54359.32849418847  2.0  1.0  0.3
48164.15978963423  2.5  1.0  0.3
43104.561623015354  3.0  1.0  0.3
39001.213417582796  3.5  1.0  0.3
35724.21456291813  4.0  1.0  0.3
25181.733782949424  0.5  0.5  0.35
27280.235089089852  1.0  0.5  0.35
31864.732265043363  1.5  0.5  0.35
38021.49252175554  2.0  0.5  0.35
45329.749430813616  2.5  0.5  0.35
53546.99060451655  3.0  0.5  0.35
62515.54703120581  3.5  0.5  0.35
72124.75917717407  4.0  0.5  0.35
18878.317803390466  0.5  0.55  0.35
18803.03388783216  1.0  0.55  0.35
21308.8307625349  1.5  0.55  0.35
25464.82174250565  2.0  0.55  0.35
30835.65271825661  2.5  0.55  0.35
37167.948312460285  3.0  0.55  0.35
44295.86613040541  3.5  0.55  0.35
52102.44807182526  4.0  0.55  0.35
15400.25772599523  0.5  0.6  0.35
13404.448237143053  1.0  0.6  0.35
14049.4563674231  1.5  0.6  0.35
16399.893588492632  2.0  0.6  0.35
20012.610520393962  2.5  0.6  0.35
24627.515046244593  3.0  0.6  0.35
30073.32846973336  3.5  0.6  0.35
36228.70093620363  4.0  0.6  0.35
14687.499848056532  0.5  0.65  0.35
10984.380064384866  1.0  0.65  0.35
9955.37058581831  1.5  0.65  0.35
10669.221301142681  2.0  0.65  0.35
12679.87459660528  2.5  0.65  0.35
15723.620470271899  3.0  0.65  0.35
19625.853568738068  3.5  0.65  0.35
24262.340441699464  4.0  0.65  0.35
16694.3332891346  0.5  0.7  0.35
11464.816945677869  1.0  0.7  0.35
8922.9057818478  1.5  0.7  0.35
8147.364241848434  2.0  0.7  0.35
8692.723679525023  2.5  0.7  0.35
10293.95370937278  3.0  0.7  0.35
12774.73176674265  3.5  0.7  0.35
16009.11948475799  4.0  0.7  0.35
21385.390633400064  0.5  0.75  0.35
14784.107735649795  1.0  0.75  0.35
10869.09377665658  1.5  0.75  0.35
8733.092865572771  2.0  0.75  0.35
7933.7142657752  2.5  0.75  0.35
8206.299135644429  3.0  0.75  0.35
9374.025399566852  3.5  0.75  0.35
11310.162112593951  4.0  0.75  0.35
28732.906235787108  0.5  0.8  0.35
20892.92498488363  1.0  0.8  0.35
15726.76853740967  1.5  0.8  0.35
12343.79804269127  2.0  0.8  0.35
10306.45945930571  2.5  0.8  0.35
9351.703151452442  3.0  0.8  0.35
9303.122043305662  3.5  0.8  0.35
10033.892968084438  4.0  0.8  0.35
38714.796381099935  0.5  0.85  0.35
29751.36039555814  1.0  0.85  0.35
23441.000000471664  1.5  0.85  0.35
18911.40343006242  2.0  0.85  0.35
15731.083110498563  2.5  0.85  0.35
13639.496876157058  3.0  0.85  0.35
12461.334324605752  3.5  0.85  0.35
12070.213529157147  4.0  0.85  0.35
51313.28922456999  0.5  0.9  0.35
41326.79948378901  1.0  0.9  0.35
33966.45079672962  1.5  0.9  0.35
28379.317750039252  2.0  0.9  0.35
24140.82508873205  2.5  0.9  0.35
20993.583266332287  3.0  0.9  0.35
18763.882294798823  3.5  0.9  0.35
17326.18454062591  4.0  0.9  0.35
66513.9302605416  0.5  0.95  0.35
55592.3428534773  1.0  0.95  0.35
47265.38730972316  1.5  0.95  0.35
40700.1254436506  2.0  0.95  0.35
35479.46096781804  2.5  0.95  0.35
31349.613425454136  3.0  0.95  0.35
28138.841412609665  3.5  0.95  0.35
25722.75326887172  4.0  0.95  0.35
84304.8491548214  0.5  1.0  0.35
72525.61757554863  1.0  1.0  0.35
63306.16331757122  1.5  1.0  0.35
55833.81273167631  2.0  1.0  0.35
49699.31171927224  2.5  1.0  0.35
44652.804709291835  3.0  1.0  0.35
40524.78393357973  3.5  1.0  0.35
37192.22685993897  4.0  1.0  0.35
25076.148521380263  0.5  0.5  0.4
26865.478477771685  1.0  0.5  0.4
31115.666543965348  1.5  0.5  0.4
36929.99586639694  2.0  0.5  0.4
43892.94612164099  2.5  0.5  0.4
51764.100544686604  3.0  0.5  0.4
60386.72776820717  3.5  0.5  0.4
69650.6044834642  4.0  0.5  0.4
18886.626179177056  0.5  0.55  0.4
18577.23832361284  1.0  0.55  0.4
20805.01382221931  1.5  0.55  0.4
24663.393963314895  2.0  0.55  0.4
29725.928139401865  2.5  0.55  0.4
35743.48742572976  3.0  0.55  0.4
42552.551635802854  3.5  0.55  0.4
50037.545148223595  4.0  0.55  0.4
15511.395609381456  0.5  0.6  0.4
13354.52369020716  1.0  0.6  0.4
13778.599378511075  1.5  0.6  0.4
15878.277657380033  2.0  0.6  0.4
19222.29659374845  2.5  0.6  0.4
23556.633263852145  3.0  0.6  0.4
28713.54433767915  3.5  0.6  0.4
34573.91612746469  4.0  0.6  0.4
14891.653166886093  0.5  0.65  0.4
11097.703137261718  1.0  0.65  0.4
9904.554039142973  1.5  0.65  0.4
10415.449985935848  2.0  0.65  0.4
12198.623878739598  2.5  0.65  0.4
14997.949310711076  3.0  0.65  0.4
18643.393221186154  3.5  0.65  0.4
23013.706811697455  4.0  0.65  0.4
16982.840945621036  0.5  0.7  0.4
11729.51888954574  1.0  0.7  0.4
9079.223119928763  1.5  0.7  0.4
8148.675043006896  2.0  0.7  0.4
8508.616578148221  2.5  0.7  0.4
9902.842309923402  3.0  0.7  0.4
12160.472709343445  3.5  0.7  0.4
15159.196723260167  4.0  0.7  0.4
21750.61945990736  0.5  0.75  0.4
15189.193706394297  1.0  0.75  0.4
11220.031337428352  1.5  0.75  0.4
8976.5287405701  2.0  0.75  0.4
8034.032596627746  2.5  0.75  0.4
8137.7171858453985  3.0  0.75  0.4
9116.925308860868  3.5  0.75  0.4
10849.096570377555  4.0  0.75  0.4
29168.123733653287  0.5  0.8  0.4
21428.298275736393  1.0  0.8  0.4
16260.416483492918  1.5  0.8  0.4
12816.59127771151  2.0  0.8  0.4
10678.21663395865  2.5  0.8  0.4
9592.889395688586  3.0  0.8  0.4
9390.960048006087  3.5  0.8  0.4
9950.229699196207  4.0  0.8  0.4
39214.05238856133  0.5  0.85  0.4
30407.795162439543  1.0  0.85  0.4
24146.156414388064  1.5  0.85  0.4
19601.211810379686  2.0  0.85  0.4
16361.37961330657  2.5  0.85  0.4
14177.417074798921  3.0  0.85  0.4
12881.254377099316  3.5  0.85  0.4
12351.509262016742  4.0  0.85  0.4
51871.31056652658  0.5  0.9  0.4
42095.88743288658  1.0  0.9  0.4
34832.65936831213  1.5  0.9  0.4
29274.361283835922  2.0  0.9  0.4
25017.08004550901  2.5  0.9  0.4
21815.247487434423  3.0  0.9  0.4
19502.785435153706  3.5  0.9  0.4
17959.464084676696  4.0  0.9  0.4
67126.02907473219  0.5  0.95  0.4
56466.4286240463  1.0  0.95  0.4
48282.93470825847  1.5  0.95  0.4
41789.256926615955  2.0  0.95  0.4
36589.55673986723  2.5  0.95  0.4
32442.29063166696  3.0  0.95  0.4
29183.664119867724  3.5  0.95  0.4
26694.844600608947  4.0  0.95  0.4
84966.84409046696  0.5  1.0  0.4
73497.73117669989  1.0  1.0  0.4
64466.05298098168  1.5  1.0  0.4
57106.54493227409  2.0  1.0  0.4
51031.678057416655  2.5  1.0  0.4
46004.163061177496  3.0  1.0  0.4
41862.69146506798  3.5  1.0  0.4
25677.351718559294  0.5  0.5  0.22
28910.34442325527  1.0  0.5  0.22
34682.72890176871  1.5  0.5  0.22
42037.499508686065  2.0  0.5  0.22
50542.98297780477  2.5  0.5  0.22
59953.36593791553  3.0  0.5  0.22
70110.09663704397  3.5  0.5  0.22
80902.50782550291  4.0  0.5  0.22
18957.364654751844  0.5  0.55  0.22
19765.67891763184  1.0  0.55  0.22
23279.137447901536  1.5  0.55  0.22
28493.505504281944  2.0  0.55  0.22
34948.319446393  2.5  0.55  0.22
42378.93891066006  3.0  0.55  0.22
50613.71168427075  3.5  0.55  0.22
59532.415513280175  4.0  0.55  0.22
15098.44183120103  0.5  0.6  0.22
13736.530081396482  1.0  0.6  0.22
15201.692369233757  1.5  0.6  0.22
18460.783814399765  2.0  0.6  0.22
23033.39608404483  2.5  0.6  0.22
28641.058726939485  3.0  0.6  0.22
35102.12172215383  3.5  0.6  0.22
42288.86375508395  4.0  0.6  0.22
14037.469635073887  0.5  0.65  0.22
10723.6246385903  1.0  0.65  0.22
10324.144727083563  1.5  0.65  0.22
11790.420623741144  2.0  0.65  0.22
14628.94880210731  2.5  0.65  0.22
18551.45231207965  3.0  0.65  0.22
23368.858936059452  3.5  0.65  0.22
28947.697464848392  4.0  0.65  0.22
15725.587094247594  0.5  0.7  0.22
10648.214731393533  1.0  0.7  0.22
8545.180045397463  1.5  0.7  0.22
8362.239737920447  2.0  0.7  0.22
9598.054157661181  2.5  0.7  0.22
11957.74312717464  3.0  0.7  0.22
15246.92249313636  3.5  0.7  0.22
19327.838389936063  4.0  0.7  0.22
20124.41943878004  0.5  0.75  0.22
13447.040377464193  1.0  0.75  0.22
9782.445077247734  1.5  0.75  0.22
8077.920125037819  2.0  0.75  0.22
7828.30193051532  2.5  0.75  0.22
8734.634794379735  3.0  0.75  0.22
10598.933552320805  3.5  0.75  0.22
13280.378263458759  4.0  0.75  0.22
27203.437694220527  0.5  0.8  0.22
19068.7199338502  1.0  0.8  0.22
13968.272335124873  1.5  0.8  0.22
10856.112827789224  2.0  0.8  0.22
9226.298748621382  2.5  0.8  0.22
8777.779265145384  3.0  0.8  0.22
9310.343504704431  3.5  0.8  0.22
10681.10456957005  4.0  0.8  0.22
36938.07161927391  0.5  0.85  0.22
27471.108099598147  1.0  0.85  0.22
21046.538965974138  1.5  0.85  0.22
16628.870254261994  2.0  0.85  0.22
13713.67958874168  2.5  0.85  0.22
11999.363081003212  3.0  0.85  0.22
11284.58167719413  3.5  0.85  0.22
11425.195418442723  4.0  0.85  0.22
49308.337912095165  0.5  0.9  0.22
38619.328137929006  1.0  0.9  0.22
30970.310786509137  1.5  0.9  0.22
25338.97142274672  2.0  0.9  0.22
21224.134970027506  2.5  0.9  0.22
18324.83837445428  3.0  0.9  0.22
16439.484623710046  3.5  0.9  0.22
15423.339019251072  4.0  0.9  0.22
64297.8276719031  0.5  0.95  0.22
52484.28454628744  1.0  0.95  0.22
43700.04531662331  1.5  0.95  0.22
36937.879000506706  2.0  0.95  0.22
31701.14627893147  2.5  0.95  0.22
27690.44376174041  3.0  0.95  0.22
24704.602249113057  3.5  0.95  0.22
22598.821337362795  4.0  0.95  0.22
81892.94864027217  0.5  1.0  0.22
69041.52443183136  1.0  1.0  0.22
59202.20192285801  1.5  1.0  0.22
51384.15386571157  2.0  1.0  0.22
45096.22935712749  2.5  1.0  0.22
40041.28701197723  3.0  1.0  0.22
36019.12245508046  3.5  1.0  0.22
32885.29204253327  4.0  1.0  0.22
25569.41361122876  0.5  0.5  0.24
28583.69270254139  1.0  0.5  0.24
34131.20650478086  1.5  0.5  0.24
41261.102204054325  2.0  0.5  0.24
49542.89780479821  2.5  0.5  0.24
58730.95814723411  3.0  0.5  0.24
68666.64617193613  3.5  0.5  0.24
79239.14382080146  4.0  0.5  0.24
18929.69911791459  0.5  0.55  0.24
19564.86452502697  1.0  0.55  0.24
22885.30173190858  1.5  0.55  0.24
27899.07564121429  2.0  0.55  0.24
34149.70926884309  2.5  0.55  0.24
41374.260573508975  3.0  0.55  0.24
49401.908962753536  3.5  0.55  0.24
58112.874675516345  4.0  0.55  0.24
15144.762188212046  0.5  0.6  0.24
13655.734937447602  1.0  0.6  0.24
14961.55967111381  1.5  0.6  0.24
18046.501218112717  2.0  0.6  0.24
22436.602336937154  2.5  0.6  0.24
27856.494605828237  3.0  0.6  0.24
34126.238612670466  3.5  0.6  0.24
41119.14212101079  4.0  0.6  0.24
14151.896166199482  0.5  0.65  0.24
10756.59520235679  1.0  0.65  0.24
10232.507145907257  1.5  0.65  0.24
11552.617952027449  2.0  0.65  0.24
14231.994916495056  2.5  0.65  0.24
17986.720102501553  3.0  0.65  0.24
22630.245698425675  3.5  0.65  0.24
28030.688045873725  4.0  0.65  0.24
15902.715530279973  0.5  0.7  0.24
10788.60948038383  1.0  0.7  0.24
8596.125615451201  1.5  0.7  0.24
8296.01182661633  2.0  0.7  0.24
9397.290902589011  2.5  0.7  0.24
11610.542092306756  3.0  0.7  0.24
14744.639695666627  3.5  0.7  0.24
18663.934152017067  4.0  0.7  0.24
20359.330693974374  0.5  0.75  0.24
13688.642404952885  1.0  0.75  0.24
9969.719353041935  1.5  0.75  0.24
8177.578114224111  2.0  0.75  0.24
7818.912848332102  2.5  0.75  0.24
8601.174378210078  3.0  0.75  0.24
10330.284989559397  3.5  0.75  0.24
12867.996729424487  4.0  0.75  0.24
27491.67767517431  0.5  0.8  0.24
19405.561053549445  1.0  0.8  0.24
14285.524765135035  1.5  0.8  0.24
11115.51692153059  2.0  0.8  0.24
9402.689083688678  2.5  0.8  0.24
8853.201510612167  3.0  0.8  0.24
9271.315657735033  3.5  0.8  0.24
10517.132523330225  4.0  0.8  0.24
37275.61714800747  0.5  0.85  0.24
27897.535659995363  1.0  0.85  0.24
21487.486881138942  1.5  0.85  0.24
17041.6696733608  2.0  0.85  0.24
14069.771130249694  2.5  0.85  0.24
12278.074966692691  3.0  0.85  0.24
11470.19999076888  3.5  0.85  0.24
11505.358791374752  4.0  0.85  0.24
49691.55755022996  0.5  0.9  0.24
39130.03527811896  1.0  0.9  0.24
31528.8451922806  1.5  0.9  0.24
25898.774510714833  2.0  0.9  0.24
21753.58650343828  2.5  0.9  0.24
18800.76982737347  3.0  0.9  0.24
16844.098390088377  3.5  0.9  0.24
15742.506023203023  4.0  0.9  0.24
64723.44213275835  0.5  0.95  0.24
53074.317553920315  1.0  0.95  0.24
44370.29600778229  1.5  0.95  0.24
37638.3713942373  2.0  0.95  0.24
32397.516113500125  2.5  0.95  0.24
28357.24553039883  3.0  0.95  0.24
25322.10970691556  3.5  0.95  0.24
23151.247865673697  4.0  0.95  0.24
82357.9931654683  0.5  1.0  0.24
69706.27614497753  1.0  1.0  0.24
59978.57446280854  1.5  1.0  0.24
52219.17842801682  2.0  1.0  0.24
45953.09327634118  2.5  1.0  0.24
40892.48057195658  3.0  1.0  0.24
36843.146700781115  3.5  1.0  0.24
33664.818210895406  4.0  1.0  0.24
25476.203646890848  0.5  0.5  0.26
28291.553929403508  1.0  0.5  0.26
33632.96333204691  1.5  0.5  0.26
40556.04745823601  2.0  0.5  0.26
48631.75967843642  2.5  0.5  0.26
57614.798349894074  3.0  0.5  0.26
67346.54147591651  3.5  0.5  0.26
77716.08731155998  4.0  0.5  0.26
18909.490646723498  0.5  0.55  0.26
19388.29044021696  1.0  0.55  0.26
22532.719245308963  1.5  0.55  0.26
27362.77007788855  2.0  0.55  0.26
33425.92968944103  2.5  0.55  0.26
40460.98406160599  3.0  0.55  0.26
48297.978390056276  3.5  0.55  0.26
56817.60479737649  4.0  0.55  0.26
15191.588504482603  0.5  0.6  0.26
13588.911207333604  1.0  0.6  0.26
14750.33713607311  1.5  0.6  0.26
17676.544771644978  2.0  0.6  0.26
21899.738108669226  2.5  0.6  0.26
27147.544963642504  3.0  0.6  0.26
33241.694619209164  3.5  0.6  0.26
40056.50750887432  4.0  0.6  0.26
14260.235695757701  0.5  0.65  0.26
10793.41782925576  1.0  0.65  0.26
10157.32393299716  1.5  0.65  0.26
11344.991588989986  2.0  0.65  0.26
13879.51629013949  2.5  0.65  0.26
17481.09671402407  3.0  0.65  0.26
21965.586725103  3.5  0.65  0.26
27202.622945686227  4.0  0.65  0.26
16067.53383129068  0.5  0.7  0.26
10922.985052032198  1.0  0.7  0.26
8651.114222419446  1.5  0.7  0.26
8245.64826124098  2.0  0.7  0.26
9225.199281922612  2.5  0.7  0.26
11305.432174809157  3.0  0.7  0.26
14298.27567401785  3.5  0.7  0.26
18070.064098095485  4.0  0.7  0.26
20576.074226487413  0.5  0.75  0.26
13914.665357481048  1.0  0.75  0.26
10148.786916974317  1.5  0.75  0.26
8278.77895309259  2.0  0.75  0.26
7822.215720760438  2.5  0.75  0.26
8492.458692562128  3.0  0.75  0.26
10099.055016352679  3.5  0.75  0.26
12506.155154428572  4.0  0.75  0.26
27756.24440566654  0.5  0.8  0.26
19717.612032367615  1.0  0.8  0.26
14582.566792405907  1.5  0.8  0.26
11362.252368499514  2.0  0.8  0.26
9575.758981405063  2.5  0.8  0.26
8935.851562646334  3.0  0.8  0.26
9250.907628459188  3.5  0.8  0.26
10383.791118709218  4.0  0.8  0.26
37584.31754301453  0.5  0.85  0.26
28290.329971143634  1.0  0.85  0.26
21896.525410373728  1.5  0.85  0.26
17427.790197043072  2.0  0.85  0.26
14406.612903182126  2.5  0.85  0.26
12546.4603080525  3.0  0.85  0.26
11655.48532472406  3.5  0.85  0.26
11595.979747556761  4.0  0.85  0.26
50041.07313694374  0.5  0.9  0.26
39598.64029971867  1.0  0.9  0.26
32044.114594183004  1.5  0.9  0.26
26418.157463780823  2.0  0.9  0.26
22248.033454393073  2.5  0.9  0.26
19248.892660821526  3.0  0.9  0.26
17229.395477275782  3.5  0.9  0.26
16051.82630040406  4.0  0.9  0.26
65110.78528108945  0.5  0.95  0.26
53614.15129767239  1.0  0.95  0.26
44986.29289162169  1.5  0.95  0.26
38285.020108762954  2.0  0.95  0.26
33043.37170023673  2.5  0.95  0.26
28978.9175423714  3.0  0.95  0.26
25901.38879474517  3.5  0.95  0.26
23673.505887282023  4.0  0.95  0.26
82780.46980982514  0.5  1.0  0.26
70313.09479049996  1.0  1.0  0.26
60690.08326373946  1.5  1.0  0.26
52987.286920727776  2.0  1.0  0.26
46744.231609408955  2.5  1.0  0.26
41681.454443749  3.0  1.0  0.26
37610.18741946431  3.5  1.0  0.26
34393.93269947388  4.0  1.0  0.26
25395.143112625286  0.5  0.5  0.28
28028.403868161142  1.0  0.5  0.28
