26953.249462370426  0.5  0.5  0.1
32253.02433438066  1.0  0.5  0.1
40086.518707916206  1.5  0.5  0.1
49480.232973367165  2.0  0.5  0.1
60005.897510280076  2.5  0.5  0.1
71422.29848838455  3.0  0.5  0.1
83574.66066285175  3.5  0.5  0.1
96355.20850334963  4.0  0.5  0.1
19472.829879513924  0.5  0.55  0.1
21973.975671348628  1.0  0.55  0.1
27298.67243118358  1.5  0.55  0.1
34364.272939881805  2.0  0.55  0.1
42688.310585151776  2.5  0.55  0.1
51997.8858240463  3.0  0.55  0.1
62117.7693554742  3.5  0.55  0.1
72926.06526296478  4.0  0.55  0.1
14898.291797663793  0.5  0.6  0.1
14838.819603572954  1.0  0.6  0.1
17843.5019588075  1.5  0.6  0.1
22745.505296609485  2.0  0.6  0.1
29018.210727612062  2.5  0.6  0.1
36362.05502975012  3.0  0.6  0.1
44584.208070096676  3.5  0.6  0.1
53550.42006449176  4.0  0.6  0.1
13166.65087572455  0.5  0.65  0.1
10756.715764849705  1.0  0.65  0.1
11608.964491851635  1.5  0.65  0.1
14492.907451849229  2.0  0.65  0.1
18846.49041062873  2.5  0.65  0.1
24347.995666698287  3.0  0.65  0.1
30789.61601107871  3.5  0.65  0.1
38026.40143122819  4.0  0.65  0.1
14227.615201348946  0.5  0.7  0.1
9653.819125037036  1.0  0.7  0.1
8503.717439439362  1.5  0.7  0.1
9499.879247236497  2.0  0.7  0.1
12052.281782264618  2.5  0.7  0.1
15821.04692475936  3.0  0.7  0.1
20585.770934870987  3.5  0.7  0.1
26192.33149157574  4.0  0.7  0.1
18040.545188801272  0.5  0.75  0.1
11469.302342128003  1.0  0.75  0.1
8452.12813175863  1.5  0.75  0.1
7678.152968888939  2.0  0.75  0.1
8535.713398198886  2.5  0.75  0.1
10670.267768310534  3.0  0.75  0.1
13850.95039748235  3.5  0.75  0.1
17915.862092901214  4.0  0.75  0.1
24572.25769041344  0.5  0.8  0.1
16152.519929306933  1.0  0.8  0.1
11390.793111105351  1.5  0.8  0.1
8953.611092307561  2.0  0.8  0.1
8212.985279192015  2.5  0.8  0.1
8802.741909669661  3.0  0.8  0.1
10483.44784669693  3.5  0.8  0.1
13086.6884005888  4.0  0.8  0.1
33795.40598052699  0.5  0.85  0.1
23660.922821502256  1.0  0.85  0.1
17266.023746148545  1.5  0.85  0.1
13263.31029075449  2.0  0.85  0.1
11012.901445912854  2.5  0.85  0.1
10139.597137173167  3.0  0.85  0.1
10397.063193455957  3.5  0.85  0.1
11611.49928388319  4.0  0.85  0.1
45687.26403093576  0.5  0.9  0.1
33958.486477666454  1.0  0.9  0.1
26031.976024462776  1.5  0.9  0.1
20553.298031874438  2.0  0.9  0.1
16874.3530085225  2.5  0.9  0.1
14613.138325793678  3.0  0.9  0.1
13517.873198303329  3.5  0.9  0.1
13410.375589951294  4.0  0.9  0.1
60228.801102341386  0.5  0.95  0.1
47014.50241525489  1.0  0.95  0.1
37649.22532908108  1.5  0.95  0.1
30776.968104309017  2.0  0.95  0.1
25744.44181614502  2.5  0.95  0.1
22164.727129694067  3.0  0.95  0.1
19781.857378988494  3.5  0.95  0.1
18414.15453207124  4.0  0.95  0.1
77403.96864702919  0.5  1.0  0.1
62802.63414418242  1.0  1.0  0.1
52083.658280039046  1.5  1.0  0.1
43893.794002282106  2.0  1.0  0.1
37577.04866322309  2.5  1.0  0.1
32743.17668608  3.0  1.0  0.1
29133.111769571635  3.5  1.0  0.1
26562.45634133071  4.0  1.0  0.1
26232.26349999947  0.5  0.5  0.15
30453.293238358772  1.0  0.5  0.15
37222.62918562531  1.5  0.5  0.15
45566.92577186262  2.0  0.5  0.15
55053.425576669186  2.5  0.5  0.15
65437.464965971674  3.0  0.5  0.15
76561.86337579889  3.5  0.5  0.15
88317.16233837482  4.0  0.5  0.15
19149.154843022516  0.5  0.55  0.15
20754.715361102273  1.0  0.55  0.15
25135.532364655293  1.5  0.55  0.15
31241.86490872516  2.0  0.55  0.15
38599.60490266406  2.5  0.55  0.15
46938.69938920422  3.0  0.55  0.15
56085.02851744583  3.5  0.55  0.15
65917.15457367482  4.0  0.55  0.15
14951.878283062  0.5  0.6  0.15
14190.85892408243  1.0  0.6  0.15
16383.911071354973  1.5  0.6  0.15
20427.235790447125  2.0  0.6  0.15
25815.235470473937  2.5  0.6  0.15
32257.700718593085  3.0  0.6  0.15
39566.67292823374  3.5  0.6  0.15
47610.71589540386  4.0  0.6  0.15
13576.525320321954  0.5  0.65  0.15
10665.702668703016  1.0  0.65  0.15
10847.990494468155  1.5  0.65  0.15
12982.87457535823  2.0  0.65  0.15
16541.35789824505  2.5  0.65  0.15
21217.53407459553  3.0  0.65  0.15
26812.323573869566  3.5  0.65  0.15
33186.066400685544  4.0  0.65  0.15
14972.870267032225  0.5  0.7  0.15
10102.051100892637  1.0  0.7  0.15
8430.690297115198  1.5  0.7  0.15
8794.928981072013  2.0  0.7  0.15
10648.932861120418  2.5  0.7  0.15
13674.848589888239  3.0  0.7  0.15
17664.82459033729  3.5  0.7  0.15
22472.544322120553  4.0  0.7  0.15
19100.927029571703  0.5  0.75  0.15
12437.070061147147  1.0  0.75  0.15
9052.242816335633  1.5  0.75  0.15
7769.4982069097  2.0  0.75  0.15
8031.440567566434  2.5  0.75  0.15
9511.389182235689  3.0  0.75  0.15
11994.726604282923  3.5  0.75  0.15
15329.84687702033  4.0  0.75  0.15
25928.493121966916  0.5  0.8  0.15
17619.076312678717  1.0  0.8  0.15
12646.373342910074  1.5  0.8  0.15
9828.1858047212  2.0  0.8  0.15
8599.768930536407  2.5  0.8  0.15
8628.186951668216  3.0  0.8  0.15
9693.753179732113  3.5  0.8  0.15
11640.752387000159  4.0  0.8  0.15
35429.364244532946  0.5  0.85  0.15
25605.16976998472  1.0  0.85  0.15
19157.50308161605  1.5  0.85  0.15
14904.881764027243  2.0  0.85  0.15
12278.55584954894  2.5  0.85  0.15
10941.440082686078  3.0  0.85  0.15
10670.201462089834  3.5  0.85  0.15
11306.02514322752  4.0  0.85  0.15
47582.01516133695  0.5  0.9  0.15
36359.451957189944  1.0  0.9  0.15
28538.649158299708  1.5  0.9  0.15
22943.367282565836  2.0  0.9  0.15
19003.492591566497  2.5  0.9  0.15
16379.503128076121  3.0  0.9  0.15
14845.604471390845  3.5  0.9  0.15
14240.739300061137  4.0  0.9  0.15
62368.61117735649  0.5  0.95  0.15
49851.663680572085  1.0  0.95  0.15
40749.815916740714  1.5  0.95  0.15
33895.48991450502  2.0  0.95  0.15
28719.285000546544  2.5  0.95  0.15
24880.628109002013  3.0  0.95  0.15
22152.243927089123  3.5  0.95  0.15
20371.555406150277  4.0  0.95  0.15
79774.25791599967  0.5  1.0  0.15
66056.12915180072  1.0  1.0  0.15
55756.74220781207  1.5  1.0  0.15
47719.74634776928  2.0  1.0  0.15
41378.07905594845  2.5  1.0  0.15
36391.23128762996  3.0  1.0  0.15
32531.253670943832  3.5  1.0  0.15
29634.655175858796  4.0  1.0  0.15
25803.40691214325  0.5  0.5  0.2
29278.674145369492  1.0  0.5  0.2
35298.200882309015  1.5  0.5  0.2
42899.29320545564  2.0  0.5  0.2
51649.39853791641  2.5  0.5  0.2
61302.714046124805  3.0  0.5  0.2
71700.89143617515  3.5  0.5  0.2
82733.49136757411  4.0  0.5  0.2
18994.4664256919  0.5  0.55  0.2
19996.04105381061  1.0  0.55  0.2
23722.792321045254  1.5  0.55  0.2
29157.8318823788  2.0  0.55  0.2
35836.7133291844  2.5  0.55  0.2
43493.145287815  3.0  0.55  0.2
51954.688954770216  3.5  0.55  0.2
61100.71566911248  4.0  0.55  0.2
15053.217312206923  0.5  0.6  0.2
13834.685151600768  1.0  0.6  0.2
15477.07884512251  1.5  0.6  0.2
18928.731158810217  2.0  0.6  0.2
23702.471213519922  2.5  0.6  0.2
29516.617310229412  3.0  0.6  0.2
36187.76753235976  3.5  0.6  0.2
43587.15638987264  4.0  0.6  0.2
13916.194716716544  0.5  0.65  0.2
10695.94809797747  1.0  0.65  0.2
10436.275437999744  1.5  0.65  0.2
12065.183606293487  2.0  0.65  0.2
15079.982238382781  2.5  0.65  0.2
19187.7649184817  3.0  0.65  0.2
24196.799989459727  3.5  0.65  0.2
29971.955452456485  4.0  0.65  0.2
15534.084525874634  0.5  0.7  0.2
10501.295154420066  1.0  0.7  0.2
8499.960497871618  1.5  0.7  0.2
8448.47115879709  2.0  0.7  0.2
9834.226578460364  2.5  0.7  0.2
12356.458726950157  3.0  0.7  0.2
15817.293829790033  3.5  0.7  0.2
20076.738508573137  4.0  0.7  0.2
19868.028310829704  0.5  0.75  0.2
13187.425145952879  1.0  0.75  0.2
9586.267392049536  1.5  0.75  0.2
7981.237682654696  2.0  0.75  0.2
7854.16184761059  2.5  0.75  0.2
8899.100020398206  3.0  0.75  0.2
10913.833888331417  3.5  0.75  0.2
13754.773257031855  4.0  0.75  0.2
26887.021150584224  0.5  0.8  0.2
18702.760018100165  1.0  0.8  0.2
13627.731503250938  1.5  0.8  0.2
10582.730194506137  2.0  0.8  0.2
9047.342257494069  2.5  0.8  0.2
8712.591013989942  3.0  0.8  0.2
9373.377526448161  3.5  0.8  0.2
10883.566788634113  4.0  0.8  0.2
36566.04383461504  0.5  0.85  0.2
27004.868543361667  1.0  0.85  0.2
20568.23860851065  1.5  0.85  0.2
16185.325331874683  2.0  0.85  0.2
13336.025702873918  2.5  0.85  0.2
11710.010157294177  3.0  0.85  0.2
11100.482387024844  3.5  0.85  0.2
11359.630469823385  4.0  0.85  0.2
48884.69960517645  0.5  0.9  0.2
38058.54155357252  1.0  0.9  0.2
30360.73344926018  1.5  0.9  0.2
24731.929227907658  2.0  0.9  0.2
20654.278149216203  2.5  0.9  0.2
17817.41831925596  3.0  0.9  0.2
16013.806212025218  3.5  0.9  0.2
15094.66383545099  4.0  0.9  0.2
63826.20419531437  0.5  0.95  0.2
51834.3323449315  1.0  0.95  0.2
42965.46879920068  1.5  0.95  0.2
36173.99110734125  2.0  0.95  0.2
30945.770231977735  2.5  0.95  0.2
26971.441760935093  3.0  0.95  0.2
24043.473335075534  3.5  0.95  0.2
22012.699339298822  4.0  0.95  0.2
81376.62744198176  0.5  1.0  0.2
68307.43557975693  1.0  1.0  0.2
58348.648123456056  1.5  1.0  0.2
50469.96026299613  2.0  1.0  0.2
44162.06885634221  2.5  1.0  0.2
39117.40523879885  3.0  1.0  0.2
35129.04996351232  3.5  1.0  0.2
32047.917635194728  4.0  1.0  0.2
25521.144572571135  0.5  0.5  0.25
28433.68660956626  1.0  0.5  0.25
33875.98831393846  1.5  0.5  0.25
40900.39926622466  2.0  0.5  0.25
49077.12827839055  2.5  0.5  0.25
58160.68938076558  3.0  0.5  0.25
67992.4415044595  3.5  0.5  0.25
78461.51693614316  4.0  0.5  0.25
18918.764920824804  0.5  0.55  0.25
19473.825710401397  1.0  0.55  0.25
22704.304688765682  1.5  0.55  0.25
27624.277777502713  2.0  0.55  0.25
33779.25407316995  2.5  0.55  0.25
40907.15277567695  3.0  0.55  0.25
48837.58251951847  3.5  0.55  0.25
57450.9961964065  4.0  0.55  0.25
15168.140829103873  0.5  0.6  0.25
13620.75278113263  1.0  0.6  0.25
14852.666918050514  1.5  0.6  0.25
17856.47278567006  2.0  0.6  0.25
22161.32869908997  2.5  0.6  0.25
27493.377351366624  3.0  0.6  0.25
33673.51894247737  3.5  0.6  0.25
40575.56969853653  4.0  0.6  0.25
14206.784317894613  0.5  0.65  0.25
10774.597833835931  1.0  0.65  0.25
10193.068297684109  1.5  0.65  0.25
11445.38707481918  2.0  0.65  0.25
14050.699316279046  2.5  0.65  0.25
17727.174119125237  3.0  0.65  0.25
22289.479159785078  3.5  0.65  0.25
27606.498997111015  4.0  0.65  0.25
15986.552489167927  0.5  0.7  0.25
10856.51940177262  1.0  0.7  0.25
8623.198925721512  1.5  0.7  0.25
8269.060527365913  2.0  0.7  0.25
9308.011477900847  2.5  0.7  0.25
11453.217567070766  3.0  0.7  0.25
14515.104313336979  3.5  0.7  0.25
18359.028330532517  4.0  0.7  0.25
20469.797010148584  0.5  0.75  0.25
13803.469184898267  1.0  0.75  0.25
10060.237205137071  1.5  0.75  0.25
8228.05536261  2.0  0.75  0.25
7819.170649715081  2.5  0.75  0.25
8544.046755547848  3.0  0.75  0.25
10210.451360921401  3.5  0.75  0.25
12681.356059406917  4.0  0.75  0.25
27626.681438279942  0.5  0.8  0.25
19564.453433390096  1.0  0.8  0.25
14436.404346029138  1.5  0.8  0.25
11240.392426103726  2.0  0.8  0.25
9489.6712002513  2.5  0.8  0.25
8893.773230652863  3.0  0.8  0.25
9259.059308085705  3.5  0.8  0.25
10447.038095524053  4.0  0.8  0.25
37433.27499156867  0.5  0.85  0.25
28097.80784272067  1.0  0.85  0.25
21695.702243223914  1.5  0.85  0.25
17237.843044339308  2.0  0.85  0.25
14240.467628817376  2.5  0.85  0.25
12413.532168489823  3.0  0.85  0.25
11562.971415957601  3.5  0.85  0.25
11549.569230772739  4.0  0.85  0.25
49870.17414633515  0.5  0.9  0.25
39369.17706017713  1.0  0.9  0.25
31791.47243690607  1.5  0.9  0.25
26163.15130409457  2.0  0.9  0.25
22004.89137324393  2.5  0.9  0.25
19028.102463602612  3.0  0.9  0.25
17039.057395555006  3.5  0.9  0.25
15898.401965377918  4.0  0.9  0.25
64921.49012050984  0.5  0.95  0.25
53349.994569553455  1.0  0.95  0.25
44684.5399585642  1.5  0.95  0.25
37967.91485862477  2.0  0.95  0.25
32726.30055527521  2.5  0.95  0.25
28673.338281075583  3.0  0.95  0.25
25616.23028233582  3.5  0.95  0.25
23415.947584709298  4.0  0.95  0.25
82574.09444566394  0.5  1.0  0.25
70016.32426557371  1.0  1.0  0.25
60341.78273488723  1.5  1.0  0.25
52610.943596648365  2.0  1.0  0.25
46356.257975066655  2.5  1.0  0.25
41294.18076095805  3.0  1.0  0.25
37233.2979689091  3.5  1.0  0.25
34035.269167495964  4.0  1.0  0.25
25324.230617380894  0.5  0.5  0.3
27789.89859573434  1.0  0.5  0.3
32765.033204703013  1.5  0.5  0.3
39318.72284560628  2.0  0.5  0.3
47025.32119231517  2.5  0.5  0.3
55640.55439700331  3.0  0.5  0.3
65006.07331523578  3.5  0.5  0.3
75010.97600705456  4.0  0.5  0.3
18885.874740263178  0.5  0.55  0.3
19092.49915036019  1.0  0.55  0.3
21926.338203747007  1.5  0.55  0.3
26430.11697936598  2.0  0.55  0.3
32159.110301389275  2.5  0.55  0.3
38855.59718722732  3.0  0.55  0.3
46351.42249988045  3.5  0.55  0.3
54528.28783260464  4.0  0.55  0.3
15285.270127111873  0.5  0.6  0.3
13487.520233841635  1.0  0.6  0.3
14396.286355932974  1.5  0.6  0.3
17042.47392287606  2.0  0.6  0.3
20969.819085599614  2.5  0.6  0.3
25911.64011921393  3.0  0.6  0.3
31692.877313537676  3.5  0.6  0.3
38189.82294528498  4.0  0.6  0.3
14461.113110994616  0.5  0.65  0.3
10874.720487477762  1.0  0.65  0.3
10044.84507594393  1.5  0.65  0.3
11000.75600912346  2.0  0.65  0.3
13280.212166063984  2.5  0.65  0.3
16611.010005968496  3.0  0.65  0.3
20813.479104324466  3.5  0.65  0.3
25760.11427320566  4.0  0.65  0.3
16366.48783153858  0.5  0.7  0.3
11175.514223000508  1.0  0.7  0.3
8768.729097221929  1.5  0.7  0.3
8180.873675131723  2.0  0.7  0.3
8947.806524329724  2.5  0.7  0.3
10794.414458175623  3.0  0.7  0.3
13538.209513509353  3.5  0.7  0.3
17049.17979569587  4.0  0.7  0.3
20964.921409867326  0.5  0.75  0.3
14327.462335170023  1.0  0.75  0.3
10484.836842154666  1.5  0.75  0.3
8482.196848817814  2.0  0.75  0.3
7856.473915274128  2.5  0.75  0.3
8331.615166246003  3.0  0.75  0.3
9723.704387285738  3.5  0.75  0.3
11901.24600756055  4.0  0.75  0.3
28227.659753258176  0.5  0.8  0.3
20280.36252352543  1.0  0.8  0.3
15125.558079148734  1.5  0.8  0.3
11822.212141849988  2.0  0.8  0.3
9910.485756154929  2.5  0.8  0.3
9114.862595465946  3.0  0.8  0.3
9251.066483558485  3.5  0.8  0.3
10186.922071730574  4.0  0.8  0.3
38131.747380013985  0.5  0.85  0.3
28993.41885513933  1.0  0.85  0.3
22635.342514922275  1.5  0.85  0.3
18132.609992478436  2.0  0.85  0.3
15030.164810588145  2.5  0.85  0.3
13054.126316836568  3.0  0.85  0.3
12020.67415492379  3.5  0.85  0.3
11797.580124864178  4.0  0.85  0.3
50658.649034953414  0.5  0.9  0.3
40433.15781759992  1.0  0.9  0.3
32968.14399240215  1.5  0.9  0.3
27356.358746672908  2.0  0.9  0.3
23148.635139570673  2.5  0.9  0.3
20073.540364128574  3.0  0.9  0.3
17948.32842368129  3.5  0.9  0.3
16641.203646786686  4.0  0.9  0.3
65793.24383237935  0.5  0.95  0.3
54571.871207890115  1.0  0.95  0.3
46085.487438272015  1.5  0.95  0.3
39445.47930876511  2.0  0.95  0.3
34209.34660479427  2.5  0.95  0.3
30108.69861813  3.0  0.95  0.3
26962.328899926848  3.5  0.95  0.3
24639.2472598776  4.0  0.95  0.3
83523.08022897369  0.5  1.0  0.3
71386.43730555447  1.0  1.0  0.3
61954.98744445226  1.5  1.0  0.3
54359.32849418847  2.0  1.0  0.3
48164.15978963423  2.5  1.0  0.3
43104.561623015354  3.0  1.0  0.3
39001.213417582796  3.5  1.0  0.3
35724.21456291813  4.0  1.0  0.3
25181.733782949424  0.5  0.5  0.35
27280.235089089852  1.0  0.5  0.35
31864.732265043363  1.5  0.5  0.35
38021.49252175554  2.0  0.5  0.35
45329.749430813616  2.5  0.5  0.35
53546.99060451655  3.0  0.5  0.35
62515.54703120581  3.5  0.5  0.35
72124.75917717407  4.0  0.5  0.35
18878.317803390466  0.5  0.55  0.35
18803.03388783216  1.0  0.55  0.35
21308.8307625349  1.5  0.55  0.35
25464.82174250565  2.0  0.55  0.35
30835.65271825661  2.5  0.55  0.35
37167.948312460285  3.0  0.55  0.35
44295.86613040541  3.5  0.55  0.35
52102.44807182526  4.0  0.55  0.35
15400.25772599523  0.5  0.6  0.35
13404.448237143053  1.0  0.6  0.35
14049.4563674231  1.5  0.6  0.35
16399.893588492632  2.0  0.6  0.35
20012.610520393962  2.5  0.6  0.35
24627.515046244593  3.0  0.6  0.35
30073.32846973336  3.5  0.6  0.35
36228.70093620363  4.0  0.6  0.35
14687.499848056532  0.5  0.65  0.35
10984.380064384866  1.0  0.65  0.35
9955.37058581831  1.5  0.65  0.35
10669.221301142681  2.0  0.65  0.35
12679.87459660528  2.5  0.65  0.35
15723.620470271899  3.0  0.65  0.35
19625.853568738068  3.5  0.65  0.35
24262.340441699464  4.0  0.65  0.35
16694.3332891346  0.5  0.7  0.35
11464.816945677869  1.0  0.7  0.35
8922.9057818478  1.5  0.7  0.35
8147.364241848434  2.0  0.7  0.35
8692.723679525023  2.5  0.7  0.35
10293.95370937278  3.0  0.7  0.35
12774.73176674265  3.5  0.7  0.35
16009.11948475799  4.0  0.7  0.35
21385.390633400064  0.5  0.75  0.35
14784.107735649795  1.0  0.75  0.35
10869.09377665658  1.5  0.75  0.35
8733.092865572771  2.0  0.75  0.35
7933.7142657752  2.5  0.75  0.35
8206.299135644429  3.0  0.75  0.35
9374.025399566852  3.5  0.75  0.35
11310.162112593951  4.0  0.75  0.35
28732.906235787108  0.5  0.8  0.35
20892.92498488363  1.0  0.8  0.35
15726.76853740967  1.5  0.8  0.35
12343.79804269127  2.0  0.8  0.35
10306.45945930571  2.5  0.8  0.35
9351.703151452442  3.0  0.8  0.35
9303.122043305662  3.5  0.8  0.35
10033.892968084438  4.0  0.8  0.35
38714.796381099935  0.5  0.85  0.35
29751.36039555814  1.0  0.85  0.35
23441.000000471664  1.5  0.85  0.35
18911.40343006242  2.0  0.85  0.35
15731.083110498563  2.5  0.85  0.35
13639.496876157058  3.0  0.85  0.35
12461.334324605752  3.5  0.85  0.35
12070.213529157147  4.0  0.85  0.35
51313.28922456999  0.5  0.9  0.35
41326.79948378901  1.0  0.9  0.35
33966.45079672962  1.5  0.9  0.35
28379.317750039252  2.0  0.9  0.35
24140.82508873205  2.5  0.9  0.35
20993.583266332287  3.0  0.9  0.35
18763.882294798823  3.5  0.9  0.35
17326.18454062591  4.0  0.9  0.35
66513.9302605416  0.5  0.95  0.35
55592.3428534773  1.0  0.95  0.35
47265.38730972316  1.5  0.95  0.35
40700.1254436506  2.0  0.95  0.35
35479.46096781804  2.5  0.95  0.35
31349.613425454136  3.0  0.95  0.35
28138.841412609665  3.5  0.95  0.35
25722.75326887172  4.0  0.95  0.35
84304.8491548214  0.5  1.0  0.35
72525.61757554863  1.0  1.0  0.35
63306.16331757122  1.5  1.0  0.35
55833.81273167631  2.0  1.0  0.35
49699.31171927224  2.5  1.0  0.35
44652.804709291835  3.0  1.0  0.35
40524.78393357973  3.5  1.0  0.35
37192.22685993897  4.0  1.0  0.35
